    1400.00
       120.00
      1200.00
      7126.00
     30810.00
     18037.50
    514302.00
      7440.00
       200.00
      7280.00
     12516.00
    246500.00
     10500.00
      5430.00
     27420.00
    227513.00
      2600.00
       100.00
       880.00
     75527.50
       150.00
     64270.00
       700.00
      5065.00
      4305.00
      5460.00
      3540.00
      6880.00
     21856.00
      1120.00
      2884.00
     67230.00
     19200.00
     43270.00
      4130.00
    457276.40
     39100.00
      1200.00
     12570.00
     44156.00
     10005.00
     14484.00
       100.00
      5095.00
     34200.00
      9555.00
       200.00
      9500.00
       200.00
     48340.00
     85160.00
      4280.00
      2700.00
     20810.00
     15450.00
     69780.00
      1800.00
     33675.00
     15250.00